% Model:              
% Version:            COMSOL 4.3.2.189
% Date:               Sep 4 2020, 16:10
% Dimension:          2
% Nodes:              101
% Expressions:        1
% Description:        Temperature
% Length unit:        mm
% x                       y                        T (K)
-0.25                     0.25                     4.388002693983757
-0.245                    0.25                     2.6993928307774318
-0.24000000000000005      0.25                     2.315147306264632
-0.2350000000000001       0.25                     2.082149769012649
-0.2300000000000001       0.25                     1.9168983094644874
-0.2250000000000001       0.25                     1.788720571614412
-0.22000000000000014      0.25                     1.6839901804433859
-0.2150000000000002       0.25                     1.5954409302125918
-0.2100000000000002       0.25                     1.5187357127668406
-0.20500000000000018      0.25                     1.4510768298340277
-0.20000000000000023      0.25                     1.390553820989338
-0.19500000000000028      0.25                     1.3358040022017543
-0.19000000000000028      0.25                     1.2858212157479816
-0.18500000000000028      0.25                     1.2398413650472149
-0.18000000000000033      0.25                     1.1972704891395627
-0.17500000000000038      0.25                     1.1576377167408602
-0.17000000000000037      0.25                     1.1205634411342615
-0.16500000000000037      0.25                     1.0857371520092747
-0.16000000000000042      0.25                     1.0529016159965296
-0.15500000000000047      0.25                     1.021841339403772
-0.15000000000000047      0.25                     0.9923739934995831
-0.14500000000000046      0.25                     0.9643439338823372
-0.1400000000000005       0.25                     0.9376172286968155
-0.13500000000000056      0.25                     0.9120777928042271
-0.13000000000000056      0.25                     0.8876243451886353
-0.12500000000000056      0.25                     0.8641679877634683
-0.1200000000000006       0.25                     0.8416302592138856
-0.11500000000000066      0.25                     0.8199415562156459
-0.11000000000000065      0.25                     0.7990398418034219
-0.10500000000000065      0.25                     0.7788695803846575
-0.1000000000000007       0.25                     0.759380853264289
-0.09500000000000075      0.25                     0.740528619142225
-0.09000000000000075      0.25                     0.722272091948479
-0.08500000000000074      0.25                     0.7045742143368607
-0.08000000000000079      0.25                     0.687401209690569
-0.07500000000000084      0.25                     0.670722198973732
-0.07000000000000084      0.25                     0.6545088714586661
-0.06500000000000083      0.25                     0.638735200463056
-0.060000000000000886     0.25                     0.6233771968863951
-0.05500000000000094      0.25                     0.6084126946459004
-0.05000000000000093      0.25                     0.593821163157357
-0.04500000000000093      0.25                     0.5795835428449219
-0.04000000000000098      0.25                     0.5656821003405992
-0.03500000000000103      0.25                     0.5521003005831744
-0.030000000000001026     0.25                     0.5388226934744347
-0.02500000000000102      0.25                     0.525834813117826
-0.020000000000001072     0.25                     0.5131230879671812
-0.015000000000001124     0.25                     0.5006747604633026
-0.010000000000001119     0.25                     0.48847781494425335
-0.0050000000000011155    0.25                     0.47652091278852177
-1.1657341758564144E-15   0.25                     0.46479333389529326
0.004999999999998783      0.25                     0.45328492372791535
0.009999999999998732      0.25                     0.4419860452491959
0.014999999999998681      0.25                     0.4308875351637327
0.01999999999999863       0.25                     0.4199806639556572
0.02499999999999858       0.25                     0.409257099272139
0.029999999999998528      0.25                     0.39870887225543566
0.03499999999999848       0.25                     0.3883283464706613
0.039999999999998426      0.25                     0.37810818911386085
0.044999999999998375      0.25                     0.3680413442163908
0.049999999999998324      0.25                     0.35812100758776205
0.05499999999999827       0.25                     0.3483406032605193
0.05999999999999822       0.25                     0.3386937612179064
0.06499999999999818       0.25                     0.32917429619828387
0.06999999999999812       0.25                     0.31977618737968155
0.07499999999999807       0.25                     0.3104935587536343
0.07999999999999802       0.25                     0.30132065999930957
0.08499999999999798       0.25                     0.2922518476669713
0.08999999999999792       0.25                     0.2832815664733315
0.09499999999999786       0.25                     0.27440433050000307
0.09999999999999781       0.25                     0.2656147040690858
0.10499999999999776       0.25                     0.2569072820459248
0.10999999999999771       0.25                     0.24827666928642403
0.11499999999999766       0.25                     0.23971745890320423
0.11999999999999762       0.25                     0.2312242089679981
0.12499999999999756       0.25                     0.22279141719346668
0.1299999999999976        0.25                     0.21441349304016163
0.13499999999999746       0.25                     0.20608472656628843
0.1399999999999974        0.25                     0.19779925316831007
0.14499999999999735       0.25                     0.1895510131342744
0.1499999999999973        0.25                     0.1813337046267506
0.15499999999999725       0.25                     0.1731407282964657
0.1599999999999972        0.25                     0.1649651211534007
0.16499999999999715       0.25                     0.156799476516917
0.16999999999999715       0.25                     0.14863584571861344
0.17499999999999705       0.25                     0.1404656155651008
0.179999999999997         0.25                     0.13227935309749497
0.18499999999999697       0.25                     0.12406660543583828
0.1899999999999969        0.25                     0.11581563662471808
0.19499999999999684       0.25                     0.10751307421225698
0.1999999999999968        0.25                     0.09914342223025946
0.20499999999999674       0.25                     0.09068837090113574
0.2099999999999967        0.25                     0.08212578398639916
0.21499999999999664       0.25                     0.07342815151146286
0.2199999999999966        0.25                     0.06456010306148208
0.22499999999999656       0.25                     0.055474126939174265
0.22999999999999649       0.25                     0.0461025941003704
0.23499999999999643       0.25                     0.03634097278060996
0.23999999999999647       0.25                     0.026006319129729717
0.24499999999999636       0.25                     0.014681505324140361
0.25                      0.25                     0
