% Model:              
% Version:            COMSOL 4.3.2.189
% Date:               Sep 4 2020, 16:29
% Dimension:          2
% Nodes:              101
% Expressions:        1
% Description:        Temperature
% Length unit:        mm
% x                       y                        T (K)
-0.25                     0.25                     0.34404933553556344
-0.245                    0.25                     0.3441603029266499
-0.24000000000000005      0.25                     0.3444934262161502
-0.235                    0.25                     0.3450493658293199
-0.22999999999999998      0.25                     0.34582923090593704
-0.22500000000000003      0.25                     0.3468345862721223
-0.21999999999999997      0.25                     0.3480674650753244
-0.21499999999999997      0.25                     0.3495303853317444
-0.21000000000000002      0.25                     0.35122637078070273
-0.20499999999999996      0.25                     0.35315897636610066
-0.19999999999999996      0.25                     0.3553323186223077
-0.19499999999999995      0.25                     0.35775111186029834
-0.18999999999999995      0.25                     0.3604207107108728
-0.18499999999999994      0.25                     0.36334715986859506
-0.17999999999999994      0.25                     0.3665372520875887
-0.17499999999999993      0.25                     0.3699985956967008
-0.16999999999999993      0.25                     0.3737396931671698
-0.16499999999999992      0.25                     0.377770032579614
-0.15999999999999992      0.25                     0.3821001942745956
-0.15499999999999992      0.25                     0.38674197548087486
-0.1499999999999999       0.25                     0.39170853636461145
-0.1449999999999999       0.25                     0.3970145717718184
-0.1399999999999999       0.25                     0.40267651399580606
-0.1349999999999999       0.25                     0.4087127732673968
-0.1299999999999999       0.25                     0.4151440244435522
-0.12499999999999989      0.25                     0.4219935507057913
-0.11999999999999988      0.25                     0.42928765817801817
-0.11499999999999988      0.25                     0.4370561795271054
-0.10999999999999988      0.25                     0.44533309024133305
-0.10499999999999987      0.25                     0.4541572690115909
-0.09999999999999987      0.25                     0.46357344439046516
-0.09499999999999988      0.25                     0.4736333850719656
-0.08999999999999986      0.25                     0.48439741287316673
-0.08499999999999985      0.25                     0.495936349195613
-0.07999999999999985      0.25                     0.5083340528443407
-0.07499999999999984      0.25                     0.521690778555909
-0.06999999999999984      0.25                     0.5361276966117423
-0.06499999999999984      0.25                     0.5517930909558206
-0.05999999999999983      0.25                     0.568871044034847
-0.05499999999999983      0.25                     0.5875939106129138
-0.04999999999999983      0.25                     0.6082607553309859
-0.04499999999999982      0.25                     0.6312655409568508
-0.039999999999999813     0.25                     0.6571419963018684
-0.03499999999999981      0.25                     0.6866386214016332
-0.029999999999999805     0.25                     0.7208519620334259
-0.0249999999999998       0.25                     0.7614827099847548
-0.019999999999999796     0.25                     0.8113821749068738
-0.014999999999999791     0.25                     0.8759057088410771
-0.009999999999999787     0.25                     0.9671461163856531
-0.004999999999999782     0.25                     1.1251869941863624
0                         0.25                     1.8080490212862936
0.0050000000000000044     0.25                     1.125186994187012
0.010000000000000009      0.25                     0.9671461163869771
0.015000000000000013      0.25                     0.8759057088430406
0.020000000000000018      0.25                     0.8113821749094287
0.025000000000000022      0.25                     0.761482709987843
0.02999999999999997       0.25                     0.7208519620369624
0.034999999999999976      0.25                     0.6866386214055139
0.03999999999999998       0.25                     0.657141996305973
0.044999999999999984      0.25                     0.631265540961057
0.04999999999999999       0.25                     0.6082607553351544
0.05499999999999999       0.25                     0.5875939106168852
0.060000000000000005      0.25                     0.5688710440384636
0.06499999999999995       0.25                     0.551793090958902
0.06999999999999995       0.25                     0.5361276966141112
0.07499999999999996       0.25                     0.521690778557391
0.07999999999999996       0.25                     0.5083340528447671
0.08499999999999996       0.25                     0.49593634919482055
0.08999999999999997       0.25                     0.48439741287101473
0.09499999999999997       0.25                     0.47363338506833136
0.09999999999999998       0.25                     0.46357344438525183
0.10500000000000005       0.25                     0.4541572690047383
0.10999999999999999       0.25                     0.4453330902328396
0.11499999999999999       0.25                     0.43705617951700976
0.12000000000000001       0.25                     0.4292876581664082
0.125                     0.25                     0.42199355069282374
0.13                      0.25                     0.4151440244294453
0.135                     0.25                     0.40871277325239436
0.14                      0.25                     0.40267651398016097
0.14500000000000002       0.25                     0.39701457175576466
0.15000000000000002       0.25                     0.3917085363483983
0.15500000000000003       0.25                     0.3867419754647915
0.16000000000000003       0.25                     0.38210019425895686
0.16500000000000004       0.25                     0.3777700325645972
0.17000000000000004       0.25                     0.37373969315251204
0.17500000000000004       0.25                     0.3699985956816378
0.18000000000000013       0.25                     0.36653725207120647
0.18500000000000005       0.25                     0.3633471598475637
0.19000000000000006       0.25                     0.36042071066672465
0.19500000000000015       0.25                     0.35775111178855035
0.20000000000000007       0.25                     0.35533231851100694
0.20500000000000007       0.25                     0.3531589761879387
0.21000000000000013       0.25                     0.3512263704816428
0.21500000000000008       0.25                     0.3495303849000984
0.22000000000000008       0.25                     0.34806746456201043
0.2250000000000001        0.25                     0.34683458571108333
0.2300000000000001        0.25                     0.3458292300745547
0.2350000000000001        0.25                     0.34504936467591785
0.2400000000000001        0.25                     0.3444934255821697
0.24500000000000016       0.25                     0.344160302799538
0.25                      0.25                     0.34404933560486434
