% Model:              
% Version:            COMSOL 4.3.2.189
% Date:               Sep 9 2020, 11:29
% Dimension:          2
% Nodes:              101
% Expressions:        1
% Description:        Temperature
% Length unit:        mm
% x                       y                        T (K)
-0.5                      0.5                      0
-0.49                     0.5                      0.006223231414850849
-0.4800000000000001       0.5                      0.01467360565914649
-0.47                     0.5                      0.02420202746878752
-0.45999999999999996      0.5                      0.03452356321420145
-0.45000000000000007      0.5                      0.045485987831718894
-0.43999999999999995      0.5                      0.0569973196897096
-0.42999999999999994      0.5                      0.06899719390489494
-0.42000000000000004      0.5                      0.08144440867184331
-0.4099999999999999       0.5                      0.09431052235968582
-0.3999999999999999       0.5                      0.10757623612178363
-0.3899999999999999       0.5                      0.12122919834459775
-0.3799999999999999       0.5                      0.13526260735252027
-0.3699999999999999       0.5                      0.14967429737666937
-0.3599999999999999       0.5                      0.16446613587962625
-0.34999999999999987      0.5                      0.17964363357945676
-0.33999999999999986      0.5                      0.19521570830474436
-0.32999999999999985      0.5                      0.21119456704641812
-0.31999999999999984      0.5                      0.22759568482625886
-0.30999999999999983      0.5                      0.24443786840055767
-0.2999999999999998       0.5                      0.2617433994731344
-0.2899999999999998       0.5                      0.27953825727421433
-0.2799999999999998       0.5                      0.2978524248627729
-0.2699999999999998       0.5                      0.3167202878897958
-0.2599999999999998       0.5                      0.3361811392770529
-0.24999999999999978      0.5                      0.35627980877038695
-0.23999999999999977      0.5                      0.37706744313022633
-0.22999999999999976      0.5                      0.39860247147821354
-0.21999999999999975      0.5                      0.420951801917976
-0.20999999999999974      0.5                      0.44419231126086917
-0.19999999999999973      0.5                      0.4684127113798299
-0.18999999999999975      0.5                      0.49371590619423406
-0.17999999999999972      0.5                      0.5202219968708194
-0.1699999999999997       0.5                      0.5480721562877159
-0.1599999999999997       0.5                      0.5774336880374433
-0.1499999999999997       0.5                      0.6085067281644884
-0.13999999999999968      0.5                      0.6415332697608429
-0.12999999999999967      0.5                      0.6768095443211559
-0.11999999999999966      0.5                      0.7147033746534291
-0.10999999999999965      0.5                      0.7556791005868303
-0.09999999999999966      0.5                      0.800334419854842
-0.08999999999999964      0.5                      0.8494567008816253
-0.07999999999999963      0.5                      0.9041125804177145
-0.06999999999999962      0.5                      0.9657976303833449
-0.05999999999999961      0.5                      1.0367019267328392
-0.0499999999999996       0.5                      1.120218962645069
-0.03999999999999959      0.5                      1.2220249637809628
-0.029999999999999583     0.5                      1.3527105661980523
-0.019999999999999574     0.5                      1.5355621272941418
-0.009999999999999565     0.5                      1.833921973762438
0                         0.5                      3.1249164190136267
0.010000000000000009      0.5                      1.836144399717715
0.020000000000000018      0.5                      1.5400052592354048
0.030000000000000027      0.5                      1.3593709536491836
0.040000000000000036      0.5                      1.2308974045916565
0.050000000000000044      0.5                      1.1312964710067586
0.05999999999999994       0.5                      1.0499756900942252
0.06999999999999995       0.5                      0.9812569548804195
0.07999999999999996       0.5                      0.9217448243252183
0.08999999999999997       0.5                      0.8692471954770895
0.09999999999999998       0.5                      0.8222663769601998
0.10999999999999999       0.5                      0.779733505913872
0.12000000000000001       0.5                      0.7408588659252284
0.1299999999999999        0.5                      0.7050422729685792
0.1399999999999999        0.5                      0.6718167447978752
0.1499999999999999        0.5                      0.6408116406231664
0.15999999999999992       0.5                      0.6117277140874603
0.16999999999999993       0.5                      0.5843197368701005
0.17999999999999994       0.5                      0.5583840913311229
0.18999999999999995       0.5                      0.5337497169978175
0.19999999999999996       0.5                      0.5102713765170493
0.2100000000000001        0.5                      0.48782456038671057
0.21999999999999997       0.5                      0.4663015715980222
0.22999999999999998       0.5                      0.4456084741039666
0.24000000000000002       0.5                      0.4256626830873451
0.25                      0.5                      0.4063910382480655
0.26                      0.5                      0.387728244636728
0.27                      0.5                      0.3696155956878176
0.28                      0.5                      0.3519999143390904
0.29000000000000004       0.5                      0.33483266323373895
0.30000000000000004       0.5                      0.318069185800494
0.31000000000000005       0.5                      0.30166804768558975
0.32000000000000006       0.5                      0.2855904533446698
0.33000000000000007       0.5                      0.26979971607101766
0.3400000000000001        0.5                      0.2542607615855912
0.3500000000000001        0.5                      0.23893964557801162
0.36000000000000026       0.5                      0.22380306405945177
0.3700000000000001        0.5                      0.2088178315292158
0.3800000000000001        0.5                      0.1939502946457722
0.3900000000000003        0.5                      0.17916563678025196
0.40000000000000013       0.5                      0.16442700600083407
0.41000000000000014       0.5                      0.14969436186720003
0.42000000000000026       0.5                      0.13492286503983997
0.43000000000000016       0.5                      0.120060500470232
0.44000000000000017       0.5                      0.10504434776160557
0.4500000000000002        0.5                      0.08979426326388704
0.4600000000000002        0.5                      0.07420127764370099
0.4700000000000002        0.5                      0.05810346426041856
0.4800000000000002        0.5                      0.04122770026614667
0.4900000000000003        0.5                      0.022976015201763116
0.5                       0.5                      0
