% Model:              
% Version:            COMSOL 4.3.2.189
% Date:               Sep 4 2020, 16:07
% Dimension:          2
% Nodes:              101
% Expressions:        1
% Description:        Temperature
% Length unit:        mm
% x                       y                        T (K)
-0.25                     0.25                     4.231486405353952
-0.245                    0.25                     2.5607431509205867
-0.24000000000000005      0.25                     2.1819855766367167
-0.2350000000000001       0.25                     1.9565020140453522
-0.2300000000000001       0.25                     1.7967239411326263
-0.2250000000000001       0.25                     1.672834141377907
-0.22000000000000014      0.25                     1.5716274319470345
-0.2150000000000002       0.25                     1.486071908189959
-0.2100000000000002       0.25                     1.4119729516225359
-0.20500000000000018      0.25                     1.3466257060558424
-0.20000000000000023      0.25                     1.2881835396892258
-0.19500000000000028      0.25                     1.235329539553093
-0.19000000000000028      0.25                     1.1870914773030834
-0.18500000000000028      0.25                     1.1427311118729069
-0.18000000000000033      0.25                     1.1016746482502218
-0.17500000000000038      0.25                     1.06346725668446
-0.17000000000000037      0.25                     1.0277423059931654
-0.16500000000000037      0.25                     0.9941999361332235
-0.16000000000000042      0.25                     0.9625917666096759
-0.15500000000000047      0.25                     0.9327097448820671
-0.15000000000000047      0.25                     0.9043778586539969
-0.14500000000000046      0.25                     0.8774458723990607
-0.1400000000000005       0.25                     0.8517845223330883
-0.13500000000000056      0.25                     0.8272817803580715
-0.13000000000000056      0.25                     0.803839913694169
-0.12500000000000056      0.25                     0.781373145107091
-0.1200000000000006       0.25                     0.7598057722618434
-0.11500000000000066      0.25                     0.739070642147097
-0.11000000000000065      0.25                     0.7191079030302864
-0.10500000000000065      0.25                     0.6998639754671111
-0.1000000000000007       0.25                     0.6812906977775909
-0.09500000000000075      0.25                     0.6633446116425362
-0.09000000000000075      0.25                     0.6459863611125836
-0.08500000000000074      0.25                     0.6291801840783857
-0.08000000000000079      0.25                     0.6128934796309377
-0.07500000000000084      0.25                     0.5970964381050908
-0.07000000000000084      0.25                     0.5817617232044578
-0.06500000000000083      0.25                     0.5668641976397965
-0.060000000000000886     0.25                     0.5523806853124336
-0.05500000000000094      0.25                     0.538289764341204
-0.05000000000000093      0.25                     0.5245715862414674
-0.04500000000000093      0.25                     0.5112077173751813
-0.04000000000000098      0.25                     0.49818099944499245
-0.03500000000000103      0.25                     0.4854754263359623
-0.030000000000001026     0.25                     0.47307603504155377
-0.02500000000000102      0.25                     0.46096880876560686
-0.020000000000001072     0.25                     0.4491405905843759
-0.015000000000001124     0.25                     0.43757900629459706
-0.010000000000001119     0.25                     0.4262723952747712
-0.0050000000000011155    0.25                     0.4152097483544635
-1.1657341758564144E-15   0.25                     0.40438065182686034
0.004999999999998783      0.25                     0.3937752368577702
0.009999999999998732      0.25                     0.3833841336436606
0.014999999999998681      0.25                     0.3731984297552793
0.01999999999999863       0.25                     0.3632096321745027
0.02499999999999858       0.25                     0.353409632592346
0.029999999999998528      0.25                     0.3437906755872734
0.03499999999999848       0.25                     0.33434532934636874
0.039999999999998426      0.25                     0.3250664586287962
0.044999999999998375      0.25                     0.3159471997020832
0.049999999999998324      0.25                     0.3069809370079593
0.05499999999999827       0.25                     0.29816128133624165
0.05999999999999822       0.25                     0.28948204930313515
0.06499999999999818       0.25                     0.28093724394454866
0.06999999999999812       0.25                     0.27252103624595714
0.07499999999999807       0.25                     0.2642277474379775
0.07999999999999802       0.25                     0.25605183189125796
0.08499999999999798       0.25                     0.24798786044541543
0.08999999999999792       0.25                     0.24003050400431558
0.09499999999999786       0.25                     0.2321745172236207
0.09999999999999781       0.25                     0.22441472210564603
0.10499999999999776       0.25                     0.2167459913004544
0.10999999999999771       0.25                     0.20916323088940195
0.11499999999999766       0.25                     0.20166136239683793
0.11999999999999762       0.25                     0.19423530373482142
0.12499999999999756       0.25                     0.18687994873207975
0.1299999999999976        0.25                     0.17959014482760438
0.13499999999999746       0.25                     0.1723606684159582
0.1399999999999974        0.25                     0.16518619720753658
0.14499999999999735       0.25                     0.1580612788018378
0.1499999999999973        0.25                     0.15098029444897187
0.15499999999999725       0.25                     0.1439374166709695
0.1599999999999972        0.25                     0.1369265589953298
0.16499999999999715       0.25                     0.12994131546618917
0.16999999999999715       0.25                     0.12297488676247172
0.17499999999999705       0.25                     0.11601998854020569
0.179999999999997         0.25                     0.10906873582167827
0.18499999999999697       0.25                     0.1021124945345511
0.1899999999999969        0.25                     0.09514168704746154
0.19499999999999684       0.25                     0.08814553193620182
0.1999999999999968        0.25                     0.08111168654407776
0.20499999999999674       0.25                     0.07402574202529096
0.2099999999999967        0.25                     0.06687048495184911
0.21499999999999664       0.25                     0.05962477269313508
0.2199999999999966        0.25                     0.05226173119422176
0.22499999999999656       0.25                     0.0447456661557412
0.22999999999999649       0.25                     0.037026321444313004
0.23499999999999643       0.25                     0.029026849656809316
0.23999999999999647       0.25                     0.02061373305431278
0.24499999999999636       0.25                     0.01148289538508825
0.25                      0.25                     0
