% Model:              
% Version:            COMSOL 4.3.2.189
% Date:               Sep 4 2020, 15:18
% Dimension:          2
% Nodes:              101
% Expressions:        1
% Description:        Temperature
% Length unit:        mm
% x                       y                        T (K)
-0.25                     0.25                     0
-0.245                    0.25                     0.002015697654482727
-0.24000000000000005      0.25                     0.004752348495188174
-0.2350000000000001       0.25                     0.00783684738133306
-0.2300000000000001       0.25                     0.01117568639693546
-0.2250000000000001       0.25                     0.014717938432050747
-0.22000000000000014      0.25                     0.018431869729384594
-0.2150000000000002       0.25                     0.02229568205242492
-0.2100000000000002       0.25                     0.02629346849360948
-0.20500000000000018      0.25                     0.030413140162691452
-0.20000000000000023      0.25                     0.034645244241528046
-0.19500000000000028      0.25                     0.038982238612381405
-0.19000000000000028      0.25                     0.04341801925290178
-0.18500000000000028      0.25                     0.047947598385855945
-0.18000000000000033      0.25                     0.052566877369687244
-0.17500000000000038      0.25                     0.057272481723258516
-0.17000000000000037      0.25                     0.062061638402649326
-0.16500000000000037      0.25                     0.06693208249766185
-0.16000000000000042      0.25                     0.07188198517564334
-0.15500000000000047      0.25                     0.07690989721506669
-0.15000000000000047      0.25                     0.08201470424146974
-0.14500000000000046      0.25                     0.087195590909167
-0.1400000000000005       0.25                     0.09245201203847456
-0.13500000000000056      0.25                     0.09778366924709604
-0.13000000000000056      0.25                     0.1031904919869147
-0.12500000000000056      0.25                     0.10867262216479265
-0.1200000000000006       0.25                     0.1142304017209562
-0.11500000000000066      0.25                     0.11986436268304368
-0.11000000000000065      0.25                     0.12557521932257512
-0.10500000000000065      0.25                     0.1313638621234702
-0.1000000000000007       0.25                     0.1372313533364008
-0.09500000000000075      0.25                     0.14317892394308712
-0.09000000000000075      0.25                     0.14920797189479665
-0.08500000000000074      0.25                     0.1553200615217981
-0.08000000000000079      0.25                     0.16151692403728574
-0.07500000000000084      0.25                     0.16780045908184194
-0.07000000000000084      0.25                     0.1741727372738223
-0.06500000000000083      0.25                     0.1806360037481048
-0.060000000000000886     0.25                     0.1871926826810122
-0.05500000000000094      0.25                     0.19384538281349914
-0.05000000000000093      0.25                     0.20059690399834512
-0.04500000000000093      0.25                     0.20745024481053806
-0.04000000000000098      0.25                     0.21440861127355934
-0.03500000000000103      0.25                     0.22147542676824472
-0.030000000000001026     0.25                     0.22865434320572697
-0.02500000000000102      0.25                     0.23594925356189267
-0.020000000000001072     0.25                     0.24336430588820923
-0.015000000000001124     0.25                     0.2509039189330367
-0.010000000000001119     0.25                     0.25857279952925194
-0.0050000000000011155    0.25                     0.2663759619284553
-1.1657341758564144E-15   0.25                     0.2743187492899519
0.004999999999998783      0.25                     0.28240685756472406
0.009999999999998732      0.25                     0.2906463620516116
0.014999999999998681      0.25                     0.2990437469458054
0.01999999999999863       0.25                     0.3076059382498516
0.02499999999999858       0.25                     0.3163403404759306
0.029999999999998528      0.25                     0.32525487763719846
0.03499999999999848       0.25                     0.33435803910741785
0.039999999999998426      0.25                     0.3436589310248067
0.044999999999998375      0.25                     0.3531673340311849
0.049999999999998324      0.25                     0.3628937682753311
0.05499999999999827       0.25                     0.37284956677507886
0.05999999999999822       0.25                     0.3830469584326567
0.06499999999999818       0.25                     0.39349916224032566
0.06999999999999812       0.25                     0.4042204945090428
0.07499999999999807       0.25                     0.41522649131516465
0.07999999999999802       0.25                     0.4265340488064285
0.08499999999999798       0.25                     0.4381615845613534
0.08999999999999792       0.25                     0.4501292238851432
0.09499999999999786       0.25                     0.4624590157892087
0.09999999999999781       0.25                     0.4751751844922196
0.10499999999999776       0.25                     0.4883044236674458
0.10999999999999771       0.25                     0.5018762424375032
0.11499999999999766       0.25                     0.5159233744113282
0.11999999999999762       0.25                     0.530482264044778
0.12499999999999756       0.25                     0.5455936485310718
0.1299999999999976        0.25                     0.5613032586348798
0.13499999999999746       0.25                     0.5776626688665655
0.1399999999999974        0.25                     0.5947303368615383
0.14499999999999735       0.25                     0.6125728848268168
0.1499999999999973        0.25                     0.6312666939935448
0.15499999999999725       0.25                     0.6508999085195488
0.1599999999999972        0.25                     0.6715749818415717
0.16499999999999715       0.25                     0.6934119517779258
0.16999999999999715       0.25                     0.7165527098848045
0.17499999999999705       0.25                     0.7411666507554038
0.179999999999997         0.25                     0.767458273636419
0.18499999999999697       0.25                     0.7956776064168445
0.1899999999999969        0.25                     0.826134811478689
0.19499999999999684       0.25                     0.8592211603687216
0.1999999999999968        0.25                     0.8954400387657179
0.20499999999999674       0.25                     0.9354543421216368
0.2099999999999967        0.25                     0.980161911928226
0.21499999999999664       0.25                     1.030821588526494
0.2199999999999966        0.25                     1.0892770081441816
0.22499999999999656       0.25                     1.158386984629722
0.22999999999999649       0.25                     1.242939150632495
0.23499999999999643       0.25                     1.3518821417697933
0.23999999999999647       0.25                     1.504927739934688
0.24499999999999636       0.25                     1.7631034919560924
0.25                      0.25                     2.8720214357612877
