% Model:              
% Version:            COMSOL 4.3.2.189
% Date:               Sep 4 2020, 13:26
% Dimension:          2
% Nodes:              101
% Expressions:        1
% Description:        Temperature
% Length unit:        mm
% x                       y                        T (K)
-0.25                     0.25                     0
-0.245                    0.25                     0.0015317529122606437
-0.24000000000000005      0.25                     0.0037183391119805322
-0.2350000000000001       0.25                     0.006238807003324348
-0.2300000000000001       0.25                     0.009006873669730154
-0.2250000000000001       0.25                     0.01197533493275219
-0.22000000000000014      0.25                     0.015114432470836955
-0.2150000000000002       0.25                     0.01840351761595814
-0.2100000000000002       0.25                     0.021827392093390872
-0.20500000000000018      0.25                     0.025374416124731285
-0.20000000000000023      0.25                     0.029035423237814908
-0.19500000000000028      0.25                     0.032803050781499074
-0.19000000000000028      0.25                     0.036671301537347725
-0.18500000000000028      0.25                     0.04063524395218599
-0.18000000000000033      0.25                     0.04469079984817835
-0.17500000000000038      0.25                     0.04883458969747093
-0.17000000000000037      0.25                     0.053063817136236514
-0.16500000000000037      0.25                     0.057376180916019884
-0.16000000000000042      0.25                     0.06176980670341554
-0.15500000000000047      0.25                     0.06624319348854724
-0.15000000000000047      0.25                     0.070795170986118
-0.14500000000000046      0.25                     0.07542486545918828
-0.1400000000000005       0.25                     0.08013167210606686
-0.13500000000000056      0.25                     0.0849152326422659
-0.13000000000000056      0.25                     0.08977541705654676
-0.12500000000000056      0.25                     0.09471230876962002
-0.1200000000000006       0.25                     0.09972619260639862
-0.11500000000000066      0.25                     0.10481754512807896
-0.11000000000000065      0.25                     0.10998702697232418
-0.10500000000000065      0.25                     0.11523547692775583
-0.1000000000000007       0.25                     0.12056390752938258
-0.09500000000000075      0.25                     0.12597350200910765
-0.09000000000000075      0.25                     0.13146561247340677
-0.08500000000000074      0.25                     0.13704175921106956
-0.08000000000000079      0.25                     0.14270363105932182
-0.07500000000000084      0.25                     0.1484530867780995
-0.07000000000000084      0.25                     0.15429215740070193
-0.06500000000000083      0.25                     0.16022304954536112
-0.060000000000000886     0.25                     0.16624814968702495
-0.05500000000000094      0.25                     0.17237002940238888
-0.05000000000000093      0.25                     0.17859145161439252
-0.04500000000000093      0.25                     0.18491537787539208
-0.04000000000000098      0.25                     0.19134497674133505
-0.03500000000000103      0.25                     0.19788363330284642
-0.030000000000001026     0.25                     0.20453495995353727
-0.02500000000000102      0.25                     0.21130280849137845
-0.020000000000001072     0.25                     0.21819128366597917
-0.015000000000001124     0.25                     0.22520475830338374
-0.010000000000001119     0.25                     0.23234789016122157
-0.0050000000000011155    0.25                     0.23962564069091608
-1.1657341758564144E-15   0.25                     0.24704329591093224
0.004999999999998783      0.25                     0.2546064896263672
0.009999999999998732      0.25                     0.2623212292663335
0.014999999999998681      0.25                     0.27019392465254316
0.01999999999999863       0.25                     0.2782314200614402
0.02499999999999858       0.25                     0.28644102999954874
0.029999999999998528      0.25                     0.2948305791791519
0.03499999999999848       0.25                     0.3034084472610912
0.039999999999998426      0.25                     0.3121836190260131
0.044999999999998375      0.25                     0.321165740748014
0.049999999999998324      0.25                     0.330365183679421
0.05499999999999827       0.25                     0.3397931157174011
0.05999999999999822       0.25                     0.34946158251863296
0.06499999999999818       0.25                     0.3593835995655043
0.06999999999999812       0.25                     0.36957325697636506
0.07499999999999807       0.25                     0.38004583920671736
0.07999999999999802       0.25                     0.3908179622244838
0.08499999999999798       0.25                     0.4019077312832092
0.08999999999999792       0.25                     0.4133349230906784
0.09499999999999786       0.25                     0.4251211970153253
0.09999999999999781       0.25                     0.4372903410393341
0.10499999999999776       0.25                     0.4498685595234351
0.10999999999999771       0.25                     0.46288481158517103
0.11499999999999766       0.25                     0.47637121113513786
0.11999999999999762       0.25                     0.49036350253569955
0.12499999999999756       0.25                     0.5049016296840476
0.1299999999999976        0.25                     0.5200304214128724
0.13499999999999746       0.25                     0.5358004229286417
0.1399999999999974        0.25                     0.5522689122644305
0.14499999999999735       0.25                     0.5695011534305551
0.1499999999999973        0.25                     0.5875719556182545
0.15499999999999725       0.25                     0.6065676327454453
0.1599999999999972        0.25                     0.626588493369111
0.16499999999999715       0.25                     0.6477520430932711
0.16999999999999715       0.25                     0.6701971590237519
0.17499999999999705       0.25                     0.6940896133026909
0.179999999999997         0.25                     0.7196295052353987
0.18499999999999697       0.25                     0.7470614524854521
0.1899999999999969        0.25                     0.7766888706027386
0.19499999999999684       0.25                     0.8088944767253619
0.1999999999999968        0.25                     0.8441705994785266
0.20499999999999674       0.25                     0.8831655093020657
0.2099999999999967        0.25                     0.9267571576607693
0.21499999999999664       0.25                     0.9761764061615782
0.2199999999999966        0.25                     1.0332258428326806
0.22499999999999656       0.25                     1.1007007646486444
0.22999999999999649       0.25                     1.1832845460040464
0.23499999999999643       0.25                     1.289749471348657
0.23999999999999647       0.25                     1.439593972405873
0.24499999999999636       0.25                     1.6955956981511588
0.25                      0.25                     2.8126859339786816
