% Model:              
% Version:            COMSOL 4.3.2.189
% Date:               Sep 4 2020, 15:10
% Dimension:          2
% Nodes:              101
% Expressions:        1
% Description:        Temperature
% Length unit:        mm
% x                       y                        T (K)
-0.25                     0.25                     0
-0.245                    0.25                     0.0016925292040751055
-0.24000000000000005      0.25                     0.003982929008872566
-0.2350000000000001       0.25                     0.006567656314969558
-0.2300000000000001       0.25                     0.009365861402701112
-0.2250000000000001       0.25                     0.012334909058547429
-0.22000000000000014      0.25                     0.015448345978063107
-0.2150000000000002       0.25                     0.018688078087461684
-0.2100000000000002       0.25                     0.022040975973898445
-0.20500000000000018      0.25                     0.025497133316622386
-0.20000000000000023      0.25                     0.029048875028280796
-0.19500000000000028      0.25                     0.03269014816384137
-0.19000000000000028      0.25                     0.036416124879173326
-0.18500000000000028      0.25                     0.040222932116341696
-0.18000000000000033      0.25                     0.044107460870597213
-0.17500000000000038      0.25                     0.04806722761786771
-0.17000000000000037      0.25                     0.05210027116285247
-0.16500000000000037      0.25                     0.05620507423798638
-0.16000000000000042      0.25                     0.06038050293656096
-0.15500000000000047      0.25                     0.064625759259542
-0.15000000000000047      0.25                     0.06894034351348473
-0.14500000000000046      0.25                     0.0733240242476393
-0.1400000000000005       0.25                     0.07777681406134372
-0.13500000000000056      0.25                     0.0822989500569629
-0.13000000000000056      0.25                     0.08689087802656292
-0.12500000000000056      0.25                     0.0915532396851271
-0.1200000000000006       0.25                     0.09628686242701417
-0.11500000000000066      0.25                     0.10109275120391392
-0.11000000000000065      0.25                     0.10597208221409728
-0.10500000000000065      0.25                     0.11092619816265335
-0.1000000000000007       0.25                     0.11595660490663838
-0.09500000000000075      0.25                     0.12106496934173425
-0.09000000000000075      0.25                     0.1262531184211683
-0.08500000000000074      0.25                     0.1315230392254509
-0.08000000000000079      0.25                     0.13687688002452658
-0.07500000000000084      0.25                     0.14231695229348462
-0.07000000000000084      0.25                     0.1478457336599143
-0.06500000000000083      0.25                     0.1534658717760937
-0.060000000000000886     0.25                     0.1591801891229805
-0.05500000000000094      0.25                     0.1649916887659619
-0.05000000000000093      0.25                     0.1709035610948998
-0.04500000000000093      0.25                     0.1769191915935459
-0.04000000000000098      0.25                     0.18304216969620454
-0.03500000000000103      0.25                     0.18927629880286478
-0.030000000000001026     0.25                     0.1956256075383186
-0.02500000000000102      0.25                     0.20209436235629402
-0.020000000000001072     0.25                     0.20868708160667407
-0.015000000000001124     0.25                     0.21540855120282065
-0.010000000000001119     0.25                     0.22226384204748298
-0.0050000000000011155    0.25                     0.2292583293999862
-1.1657341758564144E-15   0.25                     0.2363977143951305
0.004999999999998783      0.25                     0.2436880479561165
0.009999999999998732      0.25                     0.25113575738067445
0.014999999999998681      0.25                     0.25874767592238135
0.01999999999999863       0.25                     0.2665310757391406
0.02499999999999858       0.25                     0.27449370463934814
0.029999999999998528      0.25                     0.2826438271252284
0.03499999999999848       0.25                     0.2909902703142668
0.039999999999998426      0.25                     0.29954247541637463
0.044999999999998375      0.25                     0.30831055555958425
0.049999999999998324      0.25                     0.31730536089499384
0.05499999999999827       0.25                     0.32653855207733173
0.05999999999999822       0.25                     0.3360226834176072
0.06499999999999818       0.25                     0.34577129724698713
0.06999999999999812       0.25                     0.35579903132686147
0.07499999999999807       0.25                     0.366121741502557
0.07999999999999802       0.25                     0.376756642244592
0.08499999999999798       0.25                     0.3877224682745514
0.08999999999999792       0.25                     0.399039661161949
0.09499999999999786       0.25                     0.41073058564283726
0.09999999999999781       0.25                     0.4228197815021787
0.10499999999999776       0.25                     0.43533425824940525
0.10999999999999771       0.25                     0.4483038415935133
0.11499999999999766       0.25                     0.4617615830185074
0.11999999999999762       0.25                     0.47574424674737276
0.12499999999999756       0.25                     0.4902928923085316
0.1299999999999976        0.25                     0.5054535761272956
0.13499999999999746       0.25                     0.5212782025486727
0.1399999999999974        0.25                     0.5378255641673785
0.14499999999999735       0.25                     0.5551626243390422
0.1499999999999973        0.25                     0.5733661128237988
0.15499999999999725       0.25                     0.5925245310185787
0.1599999999999972        0.25                     0.6127406997879792
0.16499999999999715       0.25                     0.6341350361995797
0.16999999999999715       0.25                     0.6568498246605862
0.17499999999999705       0.25                     0.6810548681156209
0.179999999999997         0.25                     0.7069550916060966
0.18499999999999697       0.25                     0.7348009681004857
0.1899999999999969        0.25                     0.7649031262404553
0.19499999999999684       0.25                     0.7976533241207786
0.1999999999999968        0.25                     0.8335554534783876
0.20499999999999674       0.25                     0.8732729287872752
0.2099999999999967        0.25                     0.917704108383927
0.21499999999999664       0.25                     0.968108338339045
0.2199999999999966        0.25                     1.026329846931415
0.22499999999999656       0.25                     1.095228354407773
0.22999999999999649       0.25                     1.1795961410754339
0.23499999999999643       0.25                     1.2884167855852713
0.23999999999999647       0.25                     1.4418261819556972
0.24499999999999636       0.25                     1.7078318106979868
0.25                      0.25                     2.873440632805702
