% Model:              
% Version:            COMSOL 4.3.2.189
% Date:               Sep 9 2020, 11:18
% Dimension:          2
% Nodes:              101
% Expressions:        1
% Description:        Temperature
% Length unit:        mm
% x                       y                        T (K)
-0.5                      0.5                      0
-0.49                     0.5                      0.0053116372732286135
-0.4800000000000001       0.5                      0.01289500757757663
-0.47                     0.5                      0.021638924081202694
-0.45999999999999996      0.5                      0.031247395244268
-0.45000000000000007      0.5                      0.041560781988716156
-0.43999999999999995      0.5                      0.052480926150754476
-0.42999999999999994      0.5                      0.06394222243497409
-0.42000000000000004      0.5                      0.07589894175601944
-0.4099999999999999       0.5                      0.08831867943310208
-0.3999999999999999       0.5                      0.10117862845672314
-0.3899999999999999       0.5                      0.1144633044115425
-0.3799999999999999       0.5                      0.12816308828465828
-0.3699999999999999       0.5                      0.14227326641321722
-0.3599999999999999       0.5                      0.15679339175287202
-0.34999999999999987      0.5                      0.17172686503846887
-0.33999999999999986      0.5                      0.18708067505144968
-0.32999999999999985      0.5                      0.20286526105344713
-0.31999999999999984      0.5                      0.2190944750963926
-0.30999999999999983      0.5                      0.2357856315670133
-0.2999999999999998       0.5                      0.2529596381571519
-0.2899999999999998       0.5                      0.2706412077536403
-0.2799999999999998       0.5                      0.28885915532964623
-0.2699999999999998       0.5                      0.30764678836228965
-0.2599999999999998       0.5                      0.3270424040648006
-0.24999999999999978      0.5                      0.34708991226035163
-0.23999999999999977      0.5                      0.3678396095545294
-0.22999999999999976      0.5                      0.3893491392396947
-0.21999999999999975      0.5                      0.4116846829795548
-0.20999999999999974      0.5                      0.4349224460480481
-0.19999999999999973      0.5                      0.45915051960027775
-0.18999999999999975      0.5                      0.48447123394355424
-0.17999999999999972      0.5                      0.5110041603702051
-0.1699999999999997       0.5                      0.5388899825900691
-0.1599999999999997       0.5                      0.5682955530504304
-0.1499999999999997       0.5                      0.5994205923859314
-0.13999999999999968      0.5                      0.6325067122331471
-0.12999999999999967      0.5                      0.6678497955497118
-0.11999999999999966      0.5                      0.7058173497382684
-0.10999999999999965      0.5                      0.7468734349134025
-0.09999999999999966      0.5                      0.7916155121911733
-0.08999999999999964      0.5                      0.8408307748145786
-0.07999999999999963      0.5                      0.8955857911053077
-0.06999999999999962      0.5                      0.9573762903264239
-0.05999999999999961      0.5                      1.028393078479953
-0.0499999999999996       0.5                      1.1120321250173157
-0.03999999999999959      0.5                      1.2139787569517508
-0.029999999999999583     0.5                      1.3448675085521238
-0.019999999999999574     0.5                      1.5283073481395637
-0.009999999999999565     0.5                      1.8300942652898273
0                         0.5                      3.1575685312280117
0.010000000000000009      0.5                      1.8325966862981868
0.020000000000000018      0.5                      1.5333102487755508
0.030000000000000027      0.5                      1.3523669937352767
0.040000000000000036      0.5                      1.2239689531610891
0.050000000000000044      0.5                      1.1245051429207842
0.05999999999999994       0.5                      1.0433389626184821
0.06999999999999995       0.5                      0.9747829554242001
0.07999999999999996       0.5                      0.9154389444581734
0.08999999999999997       0.5                      0.8631138240800781
0.09999999999999998       0.5                      0.8163094577641685
0.10999999999999999       0.5                      0.7739567459179691
0.12000000000000001       0.5                      0.7352658224965288
0.1299999999999999        0.5                      0.6996363931977468
0.1399999999999999        0.5                      0.6666013839393344
0.1499999999999999        0.5                      0.6357900703823379
0.15999999999999992       0.5                      0.6069031254076238
0.16999999999999993       0.5                      0.5796952393420943
0.17999999999999994       0.5                      0.5539627102205388
0.18999999999999995       0.5                      0.5295343883430642
0.19999999999999996       0.5                      0.5062649404704744
0.2100000000000001        0.5                      0.4840297528093253
0.21999999999999997       0.5                      0.46272101381196085
0.22999999999999998       0.5                      0.4422446606240602
0.24000000000000002       0.5                      0.42251796707714806
0.25                      0.5                      0.4034676143657922
0.26                      0.5                      0.3850281288449173
0.27                      0.5                      0.36714060148959715
0.28                      0.5                      0.34975162476518323
0.29000000000000004       0.5                      0.33281239772706334
0.30000000000000004       0.5                      0.31627796091487015
0.31000000000000005       0.5                      0.30010653021143097
0.32000000000000006       0.5                      0.28425890406855453
0.33000000000000007       0.5                      0.2686979218252255
0.3400000000000001        0.5                      0.2533879524845122
0.3500000000000001        0.5                      0.2382943932738583
0.36000000000000026       0.5                      0.22338315532841418
0.3700000000000001        0.5                      0.2086201092785455
0.3800000000000001        0.5                      0.1939704550781768
0.3900000000000003        0.5                      0.1793979664863456
0.40000000000000013       0.5                      0.16486403437920755
0.41000000000000014       0.5                      0.1503263911245861
0.42000000000000026       0.5                      0.13573731692189825
0.43000000000000016       0.5                      0.12104097683828445
0.44000000000000017       0.5                      0.10616922157513509
0.4500000000000002        0.5                      0.09103444398922309
0.4600000000000002        0.5                      0.07551638166890326
0.4700000000000002        0.5                      0.05943448256507417
0.4800000000000002        0.5                      0.042479834434069656
0.4900000000000003        0.5                      0.023960167890094072
0.5                       0.5                      0
