% Model:              
% Version:            COMSOL 4.3.2.189
% Date:               Sep 4 2020, 16:13
% Dimension:          2
% Nodes:              101
% Expressions:        1
% Description:        Temperature
% Length unit:        mm
% x                       y                        T (K)
-0.25                     0.25                     3.4052834717916625
-0.245                    0.25                     2.012303363033464
-0.24000000000000005      0.25                     1.6934704374561524
-0.2350000000000001       0.25                     1.510500432550332
-0.2300000000000001       0.25                     1.3810308286567825
-0.2250000000000001       0.25                     1.280688847097533
-0.22000000000000014      0.25                     1.1987580258884558
-0.2150000000000002       0.25                     1.1295370871609485
-0.2100000000000002       0.25                     1.0696250831045606
-0.20500000000000018      0.25                     1.016828723807051
-0.20000000000000023      0.25                     0.9696505673568236
-0.19500000000000028      0.25                     0.9270225362667665
-0.19000000000000028      0.25                     0.8881559476168467
-0.18500000000000028      0.25                     0.852451807451824
-0.18000000000000033      0.25                     0.8194444483809568
-0.17500000000000038      0.25                     0.7887646590453918
-0.17000000000000037      0.25                     0.760114737742324
-0.16500000000000037      0.25                     0.7332511217201536
-0.16000000000000042      0.25                     0.7079719893162144
-0.15500000000000047      0.25                     0.6841082187738408
-0.15000000000000047      0.25                     0.6615166689788702
-0.14500000000000046      0.25                     0.6400751013759508
-0.1400000000000005       0.25                     0.6196782843622308
-0.13500000000000056      0.25                     0.6002349643979653
-0.13000000000000056      0.25                     0.5816654822697731
-0.12500000000000056      0.25                     0.5638998763318245
-0.1200000000000006       0.25                     0.5468763580234841
-0.11500000000000066      0.25                     0.5305400752943016
-0.11000000000000065      0.25                     0.5148421010650848
-0.10500000000000065      0.25                     0.4997385993104053
-0.1000000000000007       0.25                     0.4851901326086377
-0.09500000000000075      0.25                     0.4711610833100409
-0.09000000000000075      0.25                     0.4576191666667344
-0.08500000000000074      0.25                     0.44453501893615305
-0.08000000000000079      0.25                     0.43188184702158045
-0.07500000000000084      0.25                     0.4196351289412271
-0.07000000000000084      0.25                     0.40777235653001337
-0.06500000000000083      0.25                     0.39627281342759346
-0.060000000000000886     0.25                     0.3851173827033438
-0.05500000000000094      0.25                     0.3742883794966606
-0.05000000000000093      0.25                     0.3637694048702029
-0.04500000000000093      0.25                     0.3535452177311494
-0.04000000000000098      0.25                     0.3436016222061696
-0.03500000000000103      0.25                     0.3339253682864417
-0.030000000000001026     0.25                     0.3245040639105134
-0.02500000000000102      0.25                     0.3153260969411329
-0.020000000000001072     0.25                     0.30638056572963523
-0.015000000000001124     0.25                     0.29765721715811233
-0.010000000000001119     0.25                     0.2891463912132183
-0.0050000000000011155    0.25                     0.2808389712819407
-1.1657341758564144E-15   0.25                     0.2727263394741628
0.004999999999998783      0.25                     0.26480033637317485
0.009999999999998732      0.25                     0.2570532246966667
0.014999999999998681      0.25                     0.24947765641969383
0.01999999999999863       0.25                     0.24206664296975686
0.02499999999999858       0.25                     0.23481352815418288
0.029999999999998528      0.25                     0.22771196352281764
0.03499999999999848       0.25                     0.2207558859058007
0.039999999999998426      0.25                     0.21393949689785072
0.044999999999998375      0.25                     0.20725724408777232
0.049999999999998324      0.25                     0.20070380385559283
0.05499999999999827       0.25                     0.19427406558020363
0.05999999999999822       0.25                     0.18796311711825445
0.06499999999999818       0.25                     0.1817662314306053
0.06999999999999812       0.25                     0.17567885424623256
0.07499999999999807       0.25                     0.169696592665406
0.07999999999999802       0.25                     0.1638152046144001
0.08499999999999798       0.25                     0.1580305890732011
0.08999999999999792       0.25                     0.15233877700579151
0.09499999999999786       0.25                     0.14673592292971485
0.09999999999999781       0.25                     0.14121829706796993
0.10499999999999776       0.25                     0.1357822780319045
0.10999999999999771       0.25                     0.1304243459887336
0.11499999999999766       0.25                     0.12514107627175367
0.11999999999999762       0.25                     0.11992913339522036
0.12499999999999756       0.25                     0.1147852654394372
0.1299999999999976        0.25                     0.10970629877468113
0.13499999999999746       0.25                     0.10468913309542771
0.1399999999999974        0.25                     0.0997307367388097
0.14499999999999735       0.25                     0.09482814226355325
0.1499999999999973        0.25                     0.08997844226761001
0.15499999999999725       0.25                     0.08517878542449558
0.1599999999999972        0.25                     0.08042637271997863
0.16499999999999715       0.25                     0.07571845387225656
0.16999999999999715       0.25                     0.0710523239200362
0.17499999999999705       0.25                     0.06642531996414104
0.179999999999997         0.25                     0.06183481804931433
0.18499999999999697       0.25                     0.057278230173349
0.1899999999999969        0.25                     0.052753001410291586
0.19499999999999684       0.25                     0.048256607153360546
0.1999999999999968        0.25                     0.04378655042582332
0.20499999999999674       0.25                     0.03934035929923465
0.2099999999999967        0.25                     0.03491558438555834
0.21499999999999664       0.25                     0.030509796430018343
0.2199999999999966        0.25                     0.02612058386201731
0.22499999999999656       0.25                     0.021745550432901807
0.22999999999999649       0.25                     0.017382312871736343
0.23499999999999643       0.25                     0.013028499170821004
0.23999999999999647       0.25                     0.008681746410437893
0.24499999999999636       0.25                     0.004339694918719809
0.25                      0.25                     0
