% Model:              
% Version:            COMSOL 4.3.2.189
% Date:               Sep 4 2020, 16:27
% Dimension:          2
% Nodes:              101
% Expressions:        1
% Description:        Temperature
% Length unit:        mm
% x                       y                        T (K)
-0.25                     0.25                     0.6501733476867254
-0.245                    0.25                     0.6501851089555625
-0.24000000000000005      0.25                     0.6502421147459354
-0.235                    0.25                     0.6503670030461514
-0.22999999999999998      0.25                     0.6505770603654608
-0.22500000000000003      0.25                     0.6508872530817603
-0.21999999999999997      0.25                     0.6513110930280259
-0.21499999999999997      0.25                     0.6518611431763766
-0.21000000000000002      0.25                     0.6525493364028314
-0.20499999999999996      0.25                     0.6533872043431441
-0.19999999999999996      0.25                     0.6543860541725386
-0.19499999999999995      0.25                     0.6555571153981392
-0.18999999999999995      0.25                     0.6569116698185891
-0.18499999999999994      0.25                     0.6584611721025525
-0.17999999999999994      0.25                     0.6602173664091895
-0.17499999999999993      0.25                     0.6621924031843878
-0.16999999999999993      0.25                     0.6643989597488985
-0.16499999999999992      0.25                     0.6668503680302545
-0.15999999999999992      0.25                     0.6695607527603098
-0.15499999999999992      0.25                     0.6725451837604597
-0.1499999999999999       0.25                     0.6758198463940012
-0.1449999999999999       0.25                     0.6794022349565775
-0.1399999999999999       0.25                     0.6833113747352835
-0.1349999999999999       0.25                     0.6875680797590644
-0.1299999999999999       0.25                     0.6921952549836641
-0.12499999999999989      0.25                     0.6972182539456664
-0.11999999999999988      0.25                     0.7026653059827177
-0.11499999999999988      0.25                     0.7085680312421546
-0.10999999999999988      0.25                     0.7149620673083813
-0.10499999999999987      0.25                     0.7218878389893542
-0.09999999999999987      0.25                     0.7293915135354603
-0.09499999999999988      0.25                     0.7375261987160694
-0.08999999999999986      0.25                     0.7463534629018718
-0.08499999999999985      0.25                     0.7559452879801194
-0.07999999999999985      0.25                     0.7663866130070717
-0.07499999999999984      0.25                     0.7777786979404542
-0.06999999999999984      0.25                     0.7902436477589901
-0.06499999999999984      0.25                     0.803930614202479
-0.05999999999999983      0.25                     0.8190244829242266
-0.05499999999999983      0.25                     0.8357583473485035
-0.04999999999999983      0.25                     0.854431941781157
-0.04499999999999982      0.25                     0.8754398152756876
-0.039999999999999813     0.25                     0.8993161608347667
-0.03499999999999981      0.25                     0.9268097155652825
-0.029999999999999805     0.25                     0.9590167253670101
-0.0249999999999998       0.25                     0.99763599470554
-0.019999999999999796     0.25                     1.045510989770324
-0.014999999999999791     0.25                     1.1079597691593335
-0.009999999999999787     0.25                     1.1967876028991322
-0.004999999999999782     0.25                     1.3448932714969803
0                         0.25                     2.005947701461119
0.0050000000000000044     0.25                     1.340884964271683
0.010000000000000009      0.25                     1.1887716359760507
0.015000000000000013      0.25                     1.0959374418052215
0.020000000000000018      0.25                     1.0294842614422663
0.025000000000000022      0.25                     0.9776074977965111
0.02999999999999997       0.25                     0.9349897823296108
0.034999999999999976      0.25                     0.89878836052691
0.03999999999999998       0.25                     0.8673051658484114
0.044999999999999984      0.25                     0.8394447213833238
0.04999999999999999       0.25                     0.8144590951017459
0.05499999999999999       0.25                     0.7918149404405743
0.060000000000000005      0.25                     0.7711186017142686
0.06499999999999995       0.25                     0.7520712908155142
0.06999999999999995       0.25                     0.7344409196378782
0.07499999999999996       0.25                     0.7180436736959876
0.07999999999999996       0.25                     0.7027315455033313
0.08499999999999996       0.25                     0.6883836552296524
0.08999999999999997       0.25                     0.6749000574247882
0.09499999999999997       0.25                     0.6621972261076109
0.09999999999999998       0.25                     0.6502047010903153
0.10500000000000005       0.25                     0.6388625553504168
0.10999999999999999       0.25                     0.6281194542459649
0.11499999999999999       0.25                     0.6179311488308817
0.12000000000000001       0.25                     0.6082592926324585
0.125                     0.25                     0.5990705029659036
0.13                      0.25                     0.5903356096259419
0.135                     0.25                     0.5820290489997588
0.14                      0.25                     0.5741283724443791
0.14500000000000002       0.25                     0.5666138455649381
0.15000000000000002       0.25                     0.5594681207456289
0.15500000000000003       0.25                     0.5526759695488079
0.16000000000000003       0.25                     0.5462240648430016
0.16500000000000004       0.25                     0.5401008050544688
0.17000000000000004       0.25                     0.5342961749863704
0.17500000000000004       0.25                     0.5288016393933513
0.18000000000000013       0.25                     0.5236100670934078
0.18500000000000005       0.25                     0.5187156849995099
0.19000000000000006       0.25                     0.514114063243284
0.19500000000000015       0.25                     0.5098021348667714
0.20000000000000007       0.25                     0.505778256551296
0.20500000000000007       0.25                     0.5020423218052236
0.21000000000000013       0.25                     0.4985959455990668
0.21500000000000008       0.25                     0.4954427528637089
0.22000000000000008       0.25                     0.49258882811266747
0.2250000000000001        0.25                     0.49004343737189815
0.2300000000000001        0.25                     0.48782023909917976
0.2350000000000001        0.25                     0.48593949510629714
0.2400000000000001        0.25                     0.4844325473106241
0.24500000000000016       0.25                     0.4833548243499284
0.25                      0.25                     0.48284908773692675
