% Model:              
% Version:            COMSOL 4.3.2.189
% Date:               Sep 4 2020, 13:16
% Dimension:          2
% Nodes:              101
% Expressions:        1
% Description:        Temperature
% Length unit:        mm
% x                       y                        T (K)
-0.25                     0.25                     0
-0.245                    0.25                     0.004339695988873566
-0.24000000000000005      0.25                     0.00868174756021248
-0.2350000000000001       0.25                     0.013028501137498474
-0.2300000000000001       0.25                     0.017382314489320802
-0.2250000000000001       0.25                     0.021745551440700086
-0.22000000000000014      0.25                     0.026120584553710812
-0.2150000000000002       0.25                     0.030509796899486265
-0.2100000000000002       0.25                     0.03491558468010905
-0.20500000000000018      0.25                     0.039340359477543156
-0.20000000000000023      0.25                     0.04378655053690658
-0.19500000000000028      0.25                     0.04825660721949919
-0.19000000000000028      0.25                     0.052753001445382176
-0.18500000000000028      0.25                     0.057278230187679
-0.18000000000000033      0.25                     0.061834818053842104
-0.17500000000000038      0.25                     0.0664253199636174
-0.17000000000000037      0.25                     0.07105232391707539
-0.16500000000000037      0.25                     0.07571845386836487
-0.16000000000000042      0.25                     0.08042637271596535
-0.15500000000000047      0.25                     0.08517878542075266
-0.15000000000000047      0.25                     0.08997844226429097
-0.14500000000000046      0.25                     0.09482814226067932
-0.1400000000000005       0.25                     0.09973073673633115
-0.13500000000000056      0.25                     0.10468913309325698
-0.13000000000000056      0.25                     0.10970629877270832
-0.12500000000000056      0.25                     0.11478526543755609
-0.1200000000000006       0.25                     0.11992913339334911
-0.11500000000000066      0.25                     0.1251410762698313
-0.11000000000000065      0.25                     0.130424345986717
-0.10500000000000065      0.25                     0.13578227802976528
-0.1000000000000007       0.25                     0.1412182970656924
-0.09500000000000075      0.25                     0.14673592292728785
-0.09000000000000075      0.25                     0.15233877700320253
-0.08500000000000074      0.25                     0.15803058907043643
-0.08000000000000079      0.25                     0.16381520461144652
-0.07500000000000084      0.25                     0.1696965926622488
-0.07000000000000084      0.25                     0.1756788542428502
-0.06500000000000083      0.25                     0.18176623142697487
-0.060000000000000886     0.25                     0.18796311711435143
-0.05500000000000094      0.25                     0.19427406557600588
-0.05000000000000093      0.25                     0.20070380385107586
-0.04500000000000093      0.25                     0.20725724408290466
-0.04000000000000098      0.25                     0.2139394968925982
-0.03500000000000103      0.25                     0.22075588590013354
-0.030000000000001026     0.25                     0.22771196351670236
-0.02500000000000102      0.25                     0.2348135281475804
-0.020000000000001072     0.25                     0.2420666429626237
-0.015000000000001124     0.25                     0.2494776564119832
-0.010000000000001119     0.25                     0.25705322468832664
-0.0050000000000011155    0.25                     0.2648003363641475
-1.1657341758564144E-15   0.25                     0.27272633946438446
0.004999999999998783      0.25                     0.2808389712713394
0.009999999999998732      0.25                     0.28914639120171387
0.014999999999998681      0.25                     0.2976572171456146
0.01999999999999863       0.25                     0.3063805657160434
0.02499999999999858       0.25                     0.31532609692633207
0.029999999999998528      0.25                     0.32450406389437425
0.03499999999999848       0.25                     0.3339253682688184
0.039999999999998426      0.25                     0.3436016221868934
0.044999999999998375      0.25                     0.35354521771002917
0.049999999999998324      0.25                     0.36376940484703624
0.05499999999999827       0.25                     0.37428837947121524
0.05999999999999822       0.25                     0.38511738267534473
0.06499999999999818       0.25                     0.3962728133967287
0.06999999999999812       0.25                     0.40777235649592275
0.07499999999999807       0.25                     0.4196351289034903
0.07999999999999802       0.25                     0.4318818469796997
0.08499999999999798       0.25                     0.4445350188895209
0.08999999999999792       0.25                     0.45761916661463214
0.09499999999999786       0.25                     0.4711610832516403
0.09999999999999781       0.25                     0.4851901325430082
0.10499999999999776       0.25                     0.4997385992365661
0.10999999999999771       0.25                     0.5148421009821318
0.11499999999999766       0.25                     0.5305400752016505
0.11999999999999762       0.25                     0.5468763579212234
0.12499999999999756       0.25                     0.5638998762212486
0.1299999999999976        0.25                     0.5816654821541195
0.13499999999999746       0.25                     0.6002349642833407
0.1399999999999974        0.25                     0.6196782842585681
0.14499999999999735       0.25                     0.6400751012981925
0.1499999999999973        0.25                     0.6615166689490583
0.15499999999999725       0.25                     0.6841082188255381
0.1599999999999972        0.25                     0.7079719895038601
0.16499999999999715       0.25                     0.7332511221359199
0.16999999999999715       0.25                     0.7601147385395317
0.17499999999999705       0.25                     0.7887646604586486
0.179999999999997         0.25                     0.819444450715575
0.18499999999999697       0.25                     0.8524518110974214
0.1899999999999969        0.25                     0.8881559533648151
0.19499999999999684       0.25                     0.92702254627771
0.1999999999999968        0.25                     0.9696505920274637
0.20499999999999674       0.25                     1.016828798438178
0.2099999999999967        0.25                     1.0696253010441652
0.21499999999999664       0.25                     1.1295376553720406
0.2199999999999966        0.25                     1.1987595843884271
0.22499999999999656       0.25                     1.2806934027664965
0.22999999999999649       0.25                     1.3810428282855676
0.23499999999999643       0.25                     1.5105050276183791
0.23999999999999647       0.25                     1.6932408574663318
0.24499999999999636       0.25                     2.011174345538073
0.25                      0.25                     3.4075204539340156
