% Model:              
% Version:            COMSOL 4.3.2.189
% Date:               Sep 9 2020, 11:26
% Dimension:          2
% Nodes:              101
% Expressions:        1
% Description:        Temperature
% Length unit:        mm
% x                       y                        T (K)
-0.5                      0.5                      0
-0.49                     0.5                      0.006158926190532772
-0.4800000000000001       0.5                      0.014494949245051703
-0.47                     0.5                      0.023905460701259186
-0.45999999999999996      0.5                      0.03410010053937837
-0.45000000000000007      0.5                      0.0449282591673003
-0.43999999999999995      0.5                      0.05629914515403299
-0.42999999999999994      0.5                      0.06815329333367763
-0.42000000000000004      0.5                      0.08045019975555152
-0.4099999999999999       0.5                      0.09316199514265625
-0.3999999999999999       0.5                      0.1062698679264888
-0.3899999999999999       0.5                      0.11976189424311764
-0.3799999999999999       0.5                      0.13363165689962683
-0.3699999999999999       0.5                      0.14787734249604118
-0.3599999999999999       0.5                      0.16250114676324975
-0.34999999999999987      0.5                      0.17750889042055354
-0.33999999999999986      0.5                      0.19290978732427955
-0.32999999999999985      0.5                      0.20871632971152085
-0.31999999999999984      0.5                      0.22494426947500196
-0.30999999999999983      0.5                      0.24161268369940936
-0.2999999999999998       0.5                      0.25874411927793145
-0.2899999999999998       0.5                      0.27636481656612055
-0.2799999999999998       0.5                      0.2945050165047027
-0.2699999999999998       0.5                      0.31319936000406173
-0.2599999999999998       0.5                      0.3324873930869697
-0.24999999999999978      0.5                      0.3524141967810563
-0.23999999999999977      0.5                      0.3730311675496248
-0.22999999999999976      0.5                      0.39439698280110586
-0.21999999999999975      0.5                      0.41657879761395733
-0.20999999999999974      0.5                      0.43965373452577433
-0.19999999999999973      0.5                      0.4637107499290265
-0.18999999999999975      0.5                      0.48885299109964186
-0.17999999999999972      0.5                      0.5152008014756246
-0.1699999999999997       0.5                      0.5428955952816648
-0.1599999999999997       0.5                      0.5721049168560701
-0.1499999999999997       0.5                      0.6030291430163974
-0.13999999999999968      0.5                      0.6359105088460599
-0.12999999999999967      0.5                      0.6710454913027007
-0.11999999999999966      0.5                      0.7088021664538857
-0.10999999999999965      0.5                      0.7496451437336477
-0.09999999999999966      0.5                      0.7941724244649351
-0.08999999999999964      0.5                      0.8431717531680133
-0.07999999999999963      0.5                      0.8977103056093644
-0.06999999999999962      0.5                      0.9592845880052379
-0.05999999999999961      0.5                      1.0300866761842091
-0.0499999999999996       0.5                      1.1135153779338753
-0.03999999999999959      0.5                      1.215264828084272
-0.029999999999999583     0.5                      1.346007354995849
-0.019999999999999574     0.5                      1.529597871538049
-0.009999999999999565     0.5                      1.8382820650241682
0                         0.5                      3.1909679355307166
0.010000000000000009      0.5                      1.8403665631658228
0.020000000000000018      0.5                      1.533765481370916
0.030000000000000027      0.5                      1.3522552927572815
0.040000000000000036      0.5                      1.223588890885182
0.050000000000000044      0.5                      1.1239099108082702
0.05999999999999994       0.5                      1.0425445277235286
0.06999999999999995       0.5                      0.9737970541988142
0.07999999999999996       0.5                      0.9142670614061142
0.08999999999999997       0.5                      0.8617607711605658
0.09999999999999998       0.5                      0.814779879973156
0.10999999999999999       0.5                      0.772255305428092
0.12000000000000001       0.5                      0.7333972715078816
0.1299999999999999        0.5                      0.6976056038913513
0.1399999999999999        0.5                      0.6644133606181007
0.1499999999999999        0.5                      0.6334499539451355
0.15999999999999992       0.5                      0.6044161946237552
0.16999999999999993       0.5                      0.5770669110603035
0.17999999999999994       0.5                      0.5511985396283148
0.18999999999999995       0.5                      0.5266400699295687
0.19999999999999996       0.5                      0.5032463101354111
0.2100000000000001        0.5                      0.4808927914711017
0.21999999999999997       0.5                      0.4594718528440455
0.22999999999999998       0.5                      0.4388895894627275
0.24000000000000002       0.5                      0.4190634433855927
0.25                      0.5                      0.3999202772053774
0.26                      0.5                      0.38139481539494297
0.27                      0.5                      0.36342836797669714
0.28                      0.5                      0.34596777241965776
0.29000000000000004       0.5                      0.3289645047872271
0.30000000000000004       0.5                      0.31237392196803726
0.31000000000000005       0.5                      0.2961546045146049
0.32000000000000006       0.5                      0.28026777496700445
0.33000000000000007       0.5                      0.26467677003237206
0.3400000000000001        0.5                      0.2493465468761292
0.3500000000000001        0.5                      0.23424320409679794
0.36000000000000026       0.5                      0.21933349650583844
0.3700000000000001        0.5                      0.20458431909225727
0.3800000000000001        0.5                      0.18996212839330565
0.3900000000000003        0.5                      0.17543225766941317
0.40000000000000013       0.5                      0.16095805949900788
0.41000000000000014       0.5                      0.1464997736563395
0.42000000000000026       0.5                      0.13201294797475016
0.43000000000000016       0.5                      0.11744610932829966
0.44000000000000017       0.5                      0.10273710977335829
0.4500000000000002        0.5                      0.08780694802025263
0.4600000000000002        0.5                      0.07254838906772235
0.4700000000000002        0.5                      0.05680225408129457
0.4800000000000002        0.5                      0.04029837185333338
0.4900000000000003        0.5                      0.022432485330210975
0.5                       0.5                      0
