% Model:              
% Version:            COMSOL 4.3.2.189
% Date:               Sep 4 2020, 16:36
% Dimension:          2
% Nodes:              101
% Expressions:        1
% Description:        Temperature
% Length unit:        mm
% x                       y                        T (K)
-0.25                     0.25                     0.7739853940144849
-0.245                    0.25                     0.7740019780182908
-0.24000000000000005      0.25                     0.7740760250533706
-0.235                    0.25                     0.7742316876187761
-0.22999999999999998      0.25                     0.7744862534872073
-0.22500000000000003      0.25                     0.7748543242811687
-0.21999999999999997      0.25                     0.7753488553774724
-0.21499999999999997      0.25                     0.7759817543698364
-0.21000000000000002      0.25                     0.7767642495265119
-0.20499999999999996      0.25                     0.7777071483175323
-0.19999999999999996      0.25                     0.7788210319448251
-0.19499999999999995      0.25                     0.7801164136281002
-0.18999999999999995      0.25                     0.7816038759229967
-0.18499999999999994      0.25                     0.7832941960497204
-0.17999999999999994      0.25                     0.7851984655317694
-0.17499999999999993      0.25                     0.7873282088338732
-0.16999999999999993      0.25                     0.7896955049459011
-0.16499999999999992      0.25                     0.7923131155149182
-0.15999999999999992      0.25                     0.7951946230206359
-0.15499999999999992      0.25                     0.7983545827393278
-0.1499999999999999       0.25                     0.8018086926649426
-0.1449999999999999       0.25                     0.8055739862242578
-0.1399999999999999       0.25                     0.80966905356511
-0.1349999999999999       0.25                     0.8141142984762246
-0.1299999999999999       0.25                     0.8189322397083969
-0.12499999999999989      0.25                     0.824147867751064
-0.11999999999999988      0.25                     0.8297890711754471
-0.11499999999999988      0.25                     0.8358871507764198
-0.10999999999999988      0.25                     0.8424774453499224
-0.10499999999999987      0.25                     0.8496001006500106
-0.09999999999999987      0.25                     0.8573010237996692
-0.09499999999999988      0.25                     0.8656330805787589
-0.08999999999999986      0.25                     0.8746576147315075
-0.08499999999999985      0.25                     0.8844464001095578
-0.07999999999999985      0.25                     0.8950841835347064
-0.07499999999999984      0.25                     0.9066720476877156
-0.06999999999999984      0.25                     0.9193319342627919
-0.06499999999999984      0.25                     0.9332128444912232
-0.05999999999999983      0.25                     0.9484995245638497
-0.05499999999999983      0.25                     0.9654249366875742
-0.04999999999999983      0.25                     0.984288687064895
-0.04499999999999982      0.25                     1.005485189248231
-0.039999999999999813     0.25                     1.0295484694196446
-0.03499999999999981      0.25                     1.0572270058442257
-0.029999999999999805     0.25                     1.089616518965712
-0.0249999999999998       0.25                     1.1284144333527488
-0.019999999999999796     0.25                     1.176459540417162
-0.014999999999999791     0.25                     1.2390478422459679
-0.009999999999999787     0.25                     1.3278232117765372
-0.004999999999999782     0.25                     1.4744575213467128
0                         0.25                     2.117514655886254
0.0050000000000000044     0.25                     1.4707948356130818
0.010000000000000009      0.25                     1.3204985121553041
0.015000000000000013      0.25                     1.2280624759897862
0.020000000000000018      0.25                     1.1618155373318242
0.025000000000000022      0.25                     1.110114516580006
0.02999999999999997       0.25                     1.0676641194789886
0.034999999999999976      0.25                     1.031626280760946
0.03999999999999998       0.25                     1.0003043242621186
0.044999999999999984      0.25                     0.9726033043152078
0.04999999999999999       0.25                     0.9477755481080452
0.05499999999999999       0.25                     0.9252878701220217
0.060000000000000005      0.25                     0.9047467374798741
0.06499999999999995       0.25                     0.8858534697758722
0.06999999999999995       0.25                     0.8683760811864819
0.07499999999999996       0.25                     0.8521308583622195
0.07999999999999996       0.25                     0.8369698957067682
0.08499999999999996       0.25                     0.8227724168194332
0.08999999999999997       0.25                     0.8094385814397104
0.09499999999999997       0.25                     0.7968849704485854
0.09999999999999998       0.25                     0.7850412319198754
0.10500000000000005       0.25                     0.7738475480937118
0.10999999999999999       0.25                     0.7632526940953174
0.11499999999999999       0.25                     0.7532125306661593
0.12000000000000001       0.25                     0.7436888202691262
0.125                     0.25                     0.7346482876349436
0.13                      0.25                     0.7260618675761166
0.135                     0.25                     0.7179040980931511
0.14                      0.25                     0.7101526275900207
0.14500000000000002       0.25                     0.7027878128013504
0.15000000000000002       0.25                     0.6957923897391022
0.15500000000000003       0.25                     0.6891512042170674
0.16000000000000003       0.25                     0.6828509917391381
0.16500000000000004       0.25                     0.6768801990471827
0.17000000000000004       0.25                     0.6712288416403269
0.17500000000000004       0.25                     0.6658883932739436
0.18000000000000013       0.25                     0.6608517049726839
0.18500000000000005       0.25                     0.6561129525920781
0.19000000000000006       0.25                     0.6516676136027818
0.19500000000000015       0.25                     0.6475124758377012
0.20000000000000007       0.25                     0.6436456835698082
0.20500000000000007       0.25                     0.6400668306130466
0.21000000000000013       0.25                     0.6367771166407034
0.21500000000000008       0.25                     0.6337795943997676
0.22000000000000008       0.25                     0.6310795566464509
0.2250000000000001        0.25                     0.6286851574619023
0.2300000000000001        0.25                     0.6266084494769806
0.2350000000000001        0.25                     0.624867265170244
0.2400000000000001        0.25                     0.6234889394390639
0.24500000000000016       0.25                     0.6225212762752196
0.25                      0.25                     0.6220852327042066
