% Model:              
% Version:            COMSOL 4.3.2.189
% Date:               Sep 4 2020, 16:31
% Dimension:          2
% Nodes:              101
% Expressions:        1
% Description:        Temperature
% Length unit:        mm
% x                       y                        T (K)
-0.25                     0.25                     0.5158724305469752
-0.245                    0.25                     0.5158891811413955
-0.24000000000000005      0.25                     0.5159653654293693
-0.235                    0.25                     0.5161253480753165
-0.22999999999999998      0.25                     0.5163869728427013
-0.22500000000000003      0.25                     0.5167652369814825
-0.21999999999999997      0.25                     0.5172734351522056
-0.21499999999999997      0.25                     0.5179237774056669
-0.21000000000000002      0.25                     0.5187277662129413
-0.20499999999999996      0.25                     0.5196964592342472
-0.19999999999999996      0.25                     0.5208406673068634
-0.19499999999999995      0.25                     0.522171115156844
-0.18999999999999995      0.25                     0.523698580576945
-0.18499999999999994      0.25                     0.5254340210944394
-0.17999999999999994      0.25                     0.527388694577169
-0.17499999999999993      0.25                     0.5295742785845411
-0.16999999999999993      0.25                     0.5320029924989482
-0.16499999999999992      0.25                     0.5346877260668846
-0.15999999999999992      0.25                     0.5376421778875591
-0.15499999999999992      0.25                     0.5408810076165478
-0.1499999999999999       0.25                     0.5444200060709566
-0.1449999999999999       0.25                     0.5482762880859113
-0.1399999999999999       0.25                     0.5524685139125339
-0.1349999999999999       0.25                     0.5570171462249408
-0.1299999999999999       0.25                     0.5619447515135568
-0.12499999999999989      0.25                     0.5672763569250276
-0.11999999999999988      0.25                     0.5730398766653901
-0.11499999999999988      0.25                     0.5792666262036236
-0.10999999999999988      0.25                     0.5859919481173671
-0.10499999999999987      0.25                     0.5932559811302259
-0.09999999999999987      0.25                     0.6011046146216154
-0.09499999999999988      0.25                     0.6095906860416552
-0.08999999999999986      0.25                     0.6187755003875033
-0.08499999999999985      0.25                     0.6287307825797215
-0.07999999999999985      0.25                     0.6395412206613097
-0.07499999999999984      0.25                     0.651307829194563
-0.06999999999999984      0.25                     0.6641524732232554
-0.06499999999999984      0.25                     0.6782240701517191
-0.05999999999999983      0.25                     0.6937072775738299
-0.05499999999999983      0.25                     0.7108349688616222
-0.04999999999999983      0.25                     0.7299066702344741
-0.04499999999999982      0.25                     0.7513167436552625
-0.039999999999999813     0.25                     0.7755992376068467
-0.03499999999999981      0.25                     0.8035028430235923
-0.029999999999999805     0.25                     0.8361240188405266
-0.0249999999999998       0.25                     0.8751625788271087
-0.019999999999999796     0.25                     0.9234659945313083
-0.014999999999999791     0.25                     0.9863708337132259
-0.009999999999999787     0.25                     1.0758049608531481
-0.004999999999999782     0.25                     1.2278916370061344
0                         0.25                     1.9020852937543733
0.0050000000000000044     0.25                     1.2247419215753104
0.010000000000000009      0.25                     1.069505761202312
0.015000000000000013      0.25                     0.9769226162629979
0.020000000000000018      0.25                     0.910869468933487
0.025000000000000022      0.25                     0.859418710054844
0.02999999999999997       0.25                     0.8172340434180215
0.034999999999999976      0.25                     0.7814682894912056
0.03999999999999998       0.25                     0.7504219513437926
0.044999999999999984      0.25                     0.7229989162103256
0.04999999999999999       0.25                     0.6984508733453975
0.05499999999999999       0.25                     0.6762441933768413
0.060000000000000005      0.25                     0.6559849775263261
0.06499999999999995       0.25                     0.6373742122744679
0.06999999999999995       0.25                     0.6201795922402883
0.07499999999999996       0.25                     0.6042170892710376
0.07999999999999996       0.25                     0.5893384834519393
0.08499999999999996       0.25                     0.575422682378034
0.08999999999999997       0.25                     0.5623695269503216
0.09499999999999997       0.25                     0.5500952757453438
0.09999999999999998       0.25                     0.5385292507011801
0.10500000000000005       0.25                     0.5276113038615227
0.10999999999999999       0.25                     0.517289875929449
0.11499999999999999       0.25                     0.5075204888562919
0.12000000000000001       0.25                     0.49826456180102197
0.125                     0.25                     0.4894884715091023
0.13                      0.25                     0.481162799922678
0.135                     0.25                     0.4732617270337609
0.14                      0.25                     0.46576253778412924
0.14500000000000002       0.25                     0.45864521959961685
0.15000000000000002       0.25                     0.4518921328490916
0.15500000000000003       0.25                     0.44548774076501946
0.16000000000000003       0.25                     0.4394183885845551
0.16500000000000004       0.25                     0.43367212417223483
0.17000000000000004       0.25                     0.4282385543906018
0.17500000000000004       0.25                     0.4231087331667022
0.18000000000000013       0.25                     0.41827507870704317
0.18500000000000005       0.25                     0.4137313187831961
0.19000000000000006       0.25                     0.40947246460146
0.19500000000000015       0.25                     0.40549481578406615
0.20000000000000007       0.25                     0.40179600146726563
0.20500000000000007       0.25                     0.3983750667218481
0.21000000000000013       0.25                     0.39523261966833273
0.21500000000000008       0.25                     0.3923710656870585
0.22000000000000008       0.25                     0.38979497538293173
0.2250000000000001        0.25                     0.3875116755534306
0.2300000000000001        0.25                     0.3855322398347882
0.2350000000000001        0.25                     0.383873285717529
0.2400000000000001        0.25                     0.3825606415254579
0.24500000000000016       0.25                     0.3816396115674569
0.25                      0.25                     0.381222556966563
