% Model:              
% Version:            COMSOL 4.3.2.189
% Date:               Sep 4 2020, 15:51
% Dimension:          2
% Nodes:              101
% Expressions:        1
% Description:        Temperature
% Length unit:        mm
% x                       y                        T (K)
-0.25                     0.25                     4.233281210882166
-0.245                    0.25                     2.6437497347842887
-0.24000000000000005      0.25                     2.274337290431254
-0.2350000000000001       0.25                     2.0495632115677362
-0.2300000000000001       0.25                     1.8899414854979595
-0.2250000000000001       0.25                     1.766088998555637
-0.22000000000000014      0.25                     1.6648735737918259
-0.2150000000000002       0.25                     1.5792840915889441
-0.2100000000000002       0.25                     1.505132876379061
-0.20500000000000018      0.25                     1.439717619614253
-0.20000000000000023      0.25                     1.3811925503466895
-0.19500000000000028      0.25                     1.3282408825859378
-0.19000000000000028      0.25                     1.2798902072818383
-0.18500000000000028      0.25                     1.235401968531397
-0.18000000000000033      0.25                     1.1942019955633152
-0.17500000000000038      0.25                     1.1558350556330226
-0.17000000000000037      0.25                     1.1199341101568174
-0.16500000000000037      0.25                     1.086198895182854
-0.16000000000000042      0.25                     1.0543806364239892
-0.15500000000000047      0.25                     1.0242709012351274
-0.15000000000000047      0.25                     0.9956933128848628
-0.14500000000000046      0.25                     0.9684972881194968
-0.1400000000000005       0.25                     0.9425532326305031
-0.13500000000000056      0.25                     0.9177488051782923
-0.13000000000000056      0.25                     0.8939859772183564
-0.12500000000000056      0.25                     0.8711786930114741
-0.1200000000000006       0.25                     0.8492509887918683
-0.11500000000000066      0.25                     0.828135466962448
-0.11000000000000065      0.25                     0.8077720477916254
-0.10500000000000065      0.25                     0.7881069401435489
-0.1000000000000007       0.25                     0.7690917866584369
-0.09500000000000075      0.25                     0.7506829490391029
-0.09000000000000075      0.25                     0.7328409067367883
-0.08500000000000074      0.25                     0.7155297480849956
-0.08000000000000079      0.25                     0.6987167373099593
-0.07500000000000084      0.25                     0.682371944210255
-0.07000000000000084      0.25                     0.666467925903053
-0.06500000000000083      0.25                     0.6509794520684129
-0.060000000000000886     0.25                     0.6358832667225223
-0.05500000000000094      0.25                     0.6211578808177475
-0.05000000000000093      0.25                     0.606783390977487
-0.04500000000000093      0.25                     0.5927413204844171
-0.04000000000000098      0.25                     0.5790144792946306
-0.03500000000000103      0.25                     0.5655868403809413
-0.030000000000001026     0.25                     0.5524434301416818
-0.02500000000000102      0.25                     0.5395702309663746
-0.020000000000001072     0.25                     0.5269540943420495
-0.015000000000001124     0.25                     0.5145826631257923
-0.010000000000001119     0.25                     0.5024443018103033
-0.0050000000000011155    0.25                     0.49052803377672394
-1.1657341758564144E-15   0.25                     0.4788234846693436
0.004999999999998783      0.25                     0.4673208311445575
0.009999999999998732      0.25                     0.4560107543456803
0.014999999999998681      0.25                     0.44488439753889547
0.01999999999999863       0.25                     0.433933327416484
0.02499999999999858       0.25                     0.4231494986333737
0.029999999999998528      0.25                     0.412525221193889
0.03499999999999848       0.25                     0.4020531303485154
0.039999999999998426      0.25                     0.3917261586967972
0.044999999999998375      0.25                     0.3815375102229625
0.049999999999998324      0.25                     0.3714806360162776
0.05499999999999827       0.25                     0.361549211449003
0.05999999999999822       0.25                     0.3517371146016094
0.06499999999999818       0.25                     0.34203840573791666
0.06999999999999812       0.25                     0.33244730764218855
0.07499999999999807       0.25                     0.3229581866360844
0.07999999999999802       0.25                     0.3135655340955974
0.08499999999999798       0.25                     0.3042639482866447
0.08999999999999792       0.25                     0.29504811633231404
0.09499999999999786       0.25                     0.2859127961145045
0.09999999999999781       0.25                     0.27685279789701306
0.10499999999999776       0.25                     0.2678629654350266
0.10999999999999771       0.25                     0.2589381563058527
0.11499999999999766       0.25                     0.2500732211558563
0.11999999999999762       0.25                     0.2412629815058948
0.12499999999999756       0.25                     0.23250220568878865
0.1299999999999976        0.25                     0.22378558240207844
0.13499999999999746       0.25                     0.2151076912406384
0.1399999999999974        0.25                     0.20646296941660902
0.14499999999999735       0.25                     0.19784567366470643
0.1499999999999973        0.25                     0.1892498360486817
0.15499999999999725       0.25                     0.180669212000103
0.1599999999999972        0.25                     0.1720972183897464
0.16499999999999715       0.25                     0.16352685868811795
0.16999999999999715       0.25                     0.15495063121217564
0.17499999999999705       0.25                     0.14636041491846277
0.179999999999997         0.25                     0.13774732492677708
0.18499999999999697       0.25                     0.12910152650798726
0.1899999999999969        0.25                     0.12041199088166393
0.19499999999999684       0.25                     0.11166616767552805
0.1999999999999968        0.25                     0.10284953429767704
0.20499999999999674       0.25                     0.09394495819045173
0.2099999999999967        0.25                     0.08493176283934355
0.21499999999999664       0.25                     0.07578430349567267
0.2199999999999966        0.25                     0.06646968292448484
0.22499999999999656       0.25                     0.05694382829367873
0.22999999999999649       0.25                     0.04714421316146232
0.23499999999999643       0.25                     0.03697463015609089
0.23999999999999647       0.25                     0.02626826174133666
0.24499999999999636       0.25                     0.014652002398328584
0.25                      0.25                     0
